Enes= 
[1.71194924e-01 2.73983348e-01 6.61358829e-01 2.64308550e-01
 5.34278995e-01 6.16780382e-01 2.46229896e-01 7.01221411e-01
 2.03175433e-01 9.36524853e-01 6.44943203e-01 3.29417077e-01
 4.85704402e-01 9.26804413e-01 2.61759384e-01 5.80674028e-01
 3.59007434e-01 2.81641454e-01 4.13697470e-01 2.74052654e-02
 9.27965590e-01 4.47511992e-01 3.22109361e-01 5.26642709e-01
 4.31229285e-01 9.81960667e-01 6.07693745e-01 8.44616005e-01
 8.96750225e-02 8.80553422e-01 1.46105668e-01 8.49933512e-01
 6.46624818e-01 1.49126107e-02 4.02719343e-01 5.17242733e-01
 9.94062006e-01 4.98427643e-01 2.48524032e-01 4.33132634e-01
 2.84198917e-01 9.04433416e-02 9.03257632e-01 6.10010331e-01
 4.19355726e-01 8.97263358e-01 6.66653713e-01 3.66592507e-01
 8.37984207e-01 2.26128183e-01 2.79720241e-01 3.35664714e-01
 2.39802665e-03 8.67522851e-01 7.90351856e-01 6.00373030e-01
 9.39017466e-01 2.59922442e-01 5.23300946e-01 4.53811891e-01
 6.64626734e-01 2.54881483e-01 1.91560273e-01 9.61684238e-01
 4.88023909e-01 4.65810800e-01 7.85949400e-01 1.65064435e-01
 9.70177670e-02 3.20616305e-01 4.71148969e-01 5.97488153e-01
 7.29152481e-01 3.47322036e-01 6.40733072e-01 6.67140349e-01
 3.66096807e-01 4.83137013e-01 5.83993375e-01 3.26173109e-01
 7.09401308e-01 9.98485178e-01 3.88096389e-01 9.67910482e-01
 6.90661037e-01 9.26145948e-01 9.29006591e-01 2.63452646e-01
 3.66197598e-01 8.23276188e-02 2.01121142e-01 5.08439678e-01
 8.01818990e-01 6.81037425e-01 8.01721074e-01 3.25665163e-01
 9.95605234e-01 4.90722989e-01 4.43506825e-01 7.04909611e-01
 9.65167661e-01 7.60122198e-01 8.40329066e-01 7.65964740e-01
 7.75786018e-01 9.76895252e-01 6.74838773e-01 6.26968270e-01
 9.45878511e-01 4.10715581e-01 4.83622254e-01 7.39898730e-01
 1.34561669e-01 9.00842102e-01 7.99943635e-01 9.06871388e-01
 7.26738465e-01 8.57389399e-01 5.33628016e-01 7.12253784e-01
 9.35718245e-01 5.88823793e-01 8.05017519e-01 5.93893823e-02
 2.21296933e-01 5.86186411e-01 9.16508658e-01 5.73243360e-01
 9.51375433e-01 6.67927508e-01 1.66731344e-01 3.51103855e-01
 8.19966466e-01 4.10547616e-02 8.03718508e-01 7.11021776e-01
 1.17262523e-01 8.09650589e-01 9.09863586e-02 3.43061007e-01
 7.31947144e-01 4.85661929e-01 5.60815088e-01 2.17743382e-01
 9.10561560e-01 1.11442523e-01 5.38153375e-01 4.66283321e-01
 1.17420685e-02 4.76824172e-01 4.45578771e-01 5.38769960e-01
 5.67661830e-01 7.00248787e-01 6.82270020e-01 5.64387788e-01
 2.00237782e-01 5.56945925e-01 8.83649413e-01 4.45772343e-01
 2.47343544e-01 2.57667418e-01 3.58018885e-01 1.19303606e-01
 4.16853213e-01 3.85957587e-02 7.25580083e-01 7.76823582e-01
 7.62675254e-01 7.94928165e-01 9.88053234e-01 7.37325157e-01
 5.43194959e-01 6.37997335e-01 9.80149937e-01 7.65551832e-01
 1.37340497e-01 3.96115509e-01 7.84644756e-01 3.11507960e-01
 1.73750573e-01 8.42169063e-01 6.86508832e-01 5.89482300e-01
 3.98923676e-01 4.53292702e-01 4.46478849e-02 3.66471742e-01
 2.16687906e-01 6.97474471e-01 2.97367571e-01 3.47965473e-01
 3.68530345e-01 5.35289928e-01 3.03868339e-01 8.76295163e-01
 7.66756371e-01 1.30599933e-01 1.89030796e-01 4.77470030e-01
 8.10158680e-01 9.79632108e-01 7.95079597e-01 9.33721030e-01
 1.04470698e-02 1.20676455e-01 2.77959197e-01 3.54106049e-01
 4.81591386e-01 8.78556375e-01 9.82252871e-01 1.15096785e-01
 7.65498015e-01 1.71611049e-01 4.33530681e-01 2.04541102e-01
 1.87404868e-01 6.73878020e-01 6.92663934e-01 3.82365364e-01
 4.92540032e-02 9.56226277e-01 1.40739052e-01 6.47983180e-01
 5.56594803e-01 4.14131793e-01 9.09761419e-02 5.86212793e-01
 4.33072405e-01 8.61407713e-01 2.31909677e-01 8.02470020e-01
 8.10078357e-01 8.27523368e-01 6.41344435e-01 2.28920821e-01
 3.33714661e-01 3.00449140e-01 4.60716159e-01 8.76581405e-01
 1.66583940e-01 2.34574138e-01 2.27371977e-01 2.23096351e-01
 3.33383790e-01 6.15740895e-01 9.54333869e-01 8.64021149e-01
 1.71858574e-01 2.03819025e-01 5.46628366e-01 1.84131076e-01
 5.90073454e-01 9.11970987e-01 9.51618841e-02 2.12057530e-01
 4.85745030e-02 1.69241348e-01 1.18289070e-01 8.99427858e-01
 5.83617846e-01 5.46537808e-02 3.53714067e-01 5.48961575e-01
 5.39201739e-01 9.31086369e-01 7.17688629e-01 8.36547720e-01
 7.20521095e-01 1.64574821e-01 9.32834842e-02 2.02297897e-01
 7.51959233e-01 4.61385188e-01 8.34753693e-01 2.55553880e-01
 4.01141617e-01 7.20858926e-01 1.29251572e-01 2.52133809e-02
 4.71852298e-01 7.57478723e-01 4.41145217e-01 4.10538092e-02
 8.30981953e-01 7.05707167e-01 8.46313045e-01 8.20166592e-01
 7.49735669e-01 2.92513337e-01 8.70051573e-01 1.41155102e-01
 6.03348137e-01 9.83394269e-01 9.89241430e-01 3.67459885e-01
 3.41902473e-01 2.97025077e-01 9.97844348e-01 2.26026008e-01
 6.53191676e-01 8.87826541e-01 6.83881373e-01 6.64533934e-01
 3.16598569e-02 2.01609752e-01 9.50143809e-01 2.78835003e-01
 5.26493860e-01 2.16634167e-01 7.35943324e-01 3.63901957e-01
 6.58900379e-01 9.90045677e-01 4.62639790e-01 9.17287494e-01
 6.75699109e-01 2.16006463e-01 7.55919026e-01 3.44978538e-01
 8.30455115e-01 1.03615942e-01 3.57547746e-01 3.23377181e-01
 4.31572507e-01 9.18408690e-01 8.31894742e-01 7.97532748e-01
 5.71121411e-01 3.28399222e-01 7.04026600e-01 6.13113384e-01
 9.98301353e-01 2.46691094e-01 4.82031437e-02 2.65920167e-02
 9.68064793e-02 7.01774375e-01 5.60472440e-01 4.90555208e-01
 2.65405789e-01 5.52820420e-01 5.55728038e-02 2.72975374e-01
 6.01860744e-01 7.62969616e-01 4.05592364e-02 8.01290333e-01
 9.24807611e-01 5.92180388e-01 1.91371398e-01 7.86042681e-02
 8.04397754e-01 2.20615180e-01 1.74483401e-01 5.24976897e-01
 1.06358289e-01 3.88247904e-01 6.81641048e-01 9.03156519e-03
 4.07436243e-01 8.68371083e-01 7.56486833e-01 4.50249627e-01
 4.06530791e-01 3.99857990e-01 9.40678696e-01 4.55515908e-01
 2.10293589e-01 4.27511066e-02 2.88214062e-01 1.01544127e-01
 3.71786163e-01 6.48797400e-01 2.64423563e-01 9.34947839e-01
 6.34899353e-01 7.62458530e-01 6.46538213e-01 6.29732411e-01
 3.63877935e-01 3.33800801e-01 6.40738725e-01 3.23117618e-01
 9.71578805e-01 7.18895962e-01 9.46638296e-01 3.63522267e-01
 7.06535839e-01 8.89176305e-01 6.11664747e-01 2.94133892e-01
 1.46622545e-01 2.59910750e-03 5.00687781e-01 6.49633323e-01
 5.75546329e-02 5.31461410e-01 2.43377405e-01 6.08908146e-01
 2.97576131e-01 9.79404021e-01 8.52154923e-01 2.65541172e-01
 5.05123824e-01 1.27443927e-01 5.17151673e-01 8.14473414e-01
 3.21299693e-01 7.64378166e-01 5.76499175e-01 5.15657071e-02
 2.33394307e-01 2.07395251e-01 2.37541501e-01 8.63543511e-01
 1.17706379e-01 3.69169306e-01 1.19044462e-02 1.25639415e-02
 1.14466976e-01 9.69640500e-01 1.94418020e-01 4.94446789e-01
 9.89366245e-01 1.15771615e-01 6.41809265e-01 5.19469369e-01
 9.88868925e-02 6.63309049e-01 6.54247382e-01 5.19370470e-01
 9.08864178e-01 3.20992502e-01 9.19028825e-03 4.73364091e-01
 3.47058404e-02 9.78942120e-01 2.46696031e-01 8.52842375e-01
 6.71999250e-01 2.88771573e-01 1.93444314e-02 3.70111789e-01
 7.65816933e-01 1.17200869e-01 6.99780663e-01 4.25042557e-01
 6.79451915e-01 4.88659146e-01 2.81941441e-01 6.49669875e-01
 9.70917473e-02 2.90400837e-01 9.28133857e-01 4.32170714e-01
 5.05898573e-01 4.96393547e-01 2.22662855e-01 7.21683723e-01
 2.41296115e-01 7.81743811e-01 2.45129443e-01 1.42051265e-01
 8.60839503e-01 1.59994820e-01 8.67507231e-01 7.77206469e-01
 2.37492787e-01 5.43291817e-01 2.51320607e-01 6.60560874e-01
 6.91418951e-01 8.73314644e-01 7.62700743e-01 1.92698346e-01
 8.70098837e-02 4.22167542e-01 7.66294463e-01 3.64467194e-01
 2.64875106e-01 7.50203233e-02 3.40774394e-01 8.19322607e-01
 6.83130681e-01 9.38839275e-01 6.89751588e-01 6.55746135e-01
 8.75461060e-01 3.38210452e-01 9.18178644e-01 3.39216629e-02
 8.41257932e-01 3.01094583e-01 3.33246344e-01 2.93079293e-01
 8.79051394e-01 4.36073740e-01 3.45294145e-01 9.07236112e-01
 2.22449244e-01 6.38586669e-01 4.87448630e-01 9.45083050e-01
 2.89477719e-01 1.12331666e-01 4.43290240e-01 6.12670867e-01
 9.43095601e-02 3.75307004e-01 4.08945607e-02 2.81245443e-01
 7.03490182e-01 8.13972370e-01 4.02396575e-01 3.82267428e-01
 4.18284785e-01 4.00863879e-01 1.27275135e-01 8.79240143e-01
 3.74608362e-01 7.98544700e-01 1.05182017e-02 6.06167094e-01
 5.61012457e-01 3.39204217e-01 7.17085837e-01 1.70182300e-01
 9.42476528e-01 2.09271232e-01 7.53297864e-01 9.60499202e-01
 2.71349659e-01 1.34781213e-01 8.96479721e-01 7.12055951e-01
 5.86356489e-01 7.02518216e-01 8.91968412e-01 8.76315808e-01
 1.60210275e-01 4.48974026e-01 6.20402257e-01 8.83403331e-01
 8.52809728e-01 8.43426968e-01 4.29878374e-01 2.06819969e-01
 2.63289173e-01 2.53694795e-01 6.94818827e-01 2.99689074e-01
 9.89167336e-02 8.75610312e-01 8.20295990e-01 8.30492455e-01
 9.38836586e-01 3.21203592e-01 7.39992616e-01 9.75870207e-01
 5.54411020e-01 6.06123390e-01 2.35747652e-01 2.17077441e-01
 1.22893408e-02 6.39034616e-01 6.58117725e-01 7.54490587e-01
 2.97032947e-02 7.49333564e-01 9.52972863e-01 7.50718447e-01
 7.28255830e-01 3.81067098e-01 4.77135118e-01 5.71731585e-01
 3.12174494e-01 1.55380422e-01 1.13762203e-01 2.67532547e-01
 4.01653648e-01 1.67255458e-01 1.14651997e-01 8.77107632e-01
 4.87989017e-01 7.41792435e-01 1.67324511e-02 7.56254754e-02
 4.75615584e-01 8.67791951e-01 5.64621528e-01 7.16281940e-01
 8.21814540e-01 7.36585002e-01 9.96992283e-01 7.49348879e-01
 8.77874047e-01 3.60206643e-01 3.33762655e-01 1.58302179e-01
 2.09880383e-01 7.41872991e-01 8.45961482e-01 9.43399352e-01
 3.16306980e-01 9.41581831e-01 5.70738818e-01 5.91848391e-01
 6.64689154e-01 6.67216214e-01 7.74180527e-01 8.59401571e-01
 3.85784750e-01 1.06461480e-01 7.71577955e-01 9.87020355e-04
 1.46215489e-01 6.41488689e-01 8.09107999e-01 2.26290846e-01
 6.88374216e-01 8.18690669e-01 3.39070526e-01 5.14512725e-02
 2.30667837e-01 9.30087785e-01 1.06974894e-01 7.25642271e-01
 8.21914202e-01 6.50012636e-01 2.50291753e-02 3.65939517e-01
 4.00740850e-01 2.33635902e-01 1.02883092e-01 1.91200109e-01
 1.53098318e-01 5.93815812e-01 3.14455777e-01 9.89745428e-01
 4.46772586e-01 2.59927322e-01 1.44570752e-01 7.91682689e-02
 3.25271278e-01 6.18086745e-01 3.95781242e-01 4.92972456e-01
 1.60802412e-01 8.93899412e-02 6.70227276e-01 1.47278217e-01
 6.88079260e-01 6.64678173e-01 6.48307428e-01 3.19616873e-01
 4.83570011e-01 7.66805686e-01 3.24953020e-01 1.34507566e-01
 2.02136163e-01 7.98145118e-01 4.38122009e-01 9.54860998e-01
 3.69153254e-02 2.84978037e-01 5.33074804e-01 8.66567430e-01
 7.73492409e-01 5.75904932e-01 3.91276910e-01 3.99607540e-01
 9.06648989e-01 4.53220874e-01 8.70147186e-01 3.52374752e-01
 1.43081238e-01 6.23748382e-01 8.43205442e-01 9.96324888e-01
 8.32073764e-01 8.36634820e-01 7.74494879e-01 4.67540800e-01
 2.30829175e-01 6.66767218e-01 6.64882090e-01 3.45154742e-01
 8.13595482e-01 5.90310038e-01 5.96949295e-01 6.03503467e-01
 2.02164221e-01 9.67147157e-01 2.14707108e-01 4.27012765e-01
 3.26901245e-01 6.74089603e-01 3.95450943e-01 4.81812269e-01
 5.72595695e-01 1.53046401e-01 5.67827049e-01 8.12888278e-01
 3.30518269e-01 6.76338587e-01 2.73026308e-01 7.19855057e-01
 2.41022330e-01 7.22535861e-01 8.33947736e-01 8.94297968e-01
 2.80719032e-01 1.08877902e-02 1.67061667e-01 6.92835027e-01
 9.09528377e-01 5.13167003e-01 6.50376031e-01 7.49813486e-01
 8.08707548e-01 6.64751361e-01 2.29412191e-01 5.26245293e-01
 7.33637179e-01 1.50864181e-01 9.23056361e-01 6.80508086e-02
 7.03771423e-01 3.64542852e-01 6.16647299e-01 2.50395845e-01
 2.99200562e-01 7.46843811e-01 8.45892560e-01 9.51660741e-02
 7.90952492e-01 3.94773062e-01 6.10176053e-01 3.64669078e-01
 6.17669768e-01 9.01518578e-01 3.88397686e-01 7.14207947e-01
 8.33388306e-01 4.35637959e-01 5.23711995e-01 4.05110324e-02
 3.28797222e-02 5.27402973e-01 9.65615492e-01 8.67341424e-01
 8.05537231e-01 7.84565465e-01 6.06789138e-01 2.05647842e-01
 4.62649990e-01 2.03529374e-01 9.28804979e-01 8.63033017e-01
 5.74224576e-01 9.90902715e-01 9.81305784e-02 6.36423073e-01
 6.39262561e-01 9.80586298e-01 1.19045599e-01 6.33328654e-01
 6.19110375e-01 6.93072192e-01 5.48686692e-02 4.25134965e-01
 7.24259164e-01 2.17858883e-01 5.14544778e-01 1.35875657e-01
 2.16806193e-01 2.57921007e-01 9.31547231e-01 9.62884844e-01
 9.61143257e-01 8.46046827e-01 6.85057880e-01 6.52835403e-01
 1.28409935e-01 9.47343961e-01 8.66005710e-01 8.47946882e-01
 6.92486578e-02 8.27018095e-01 3.53574456e-01 1.07968595e-02
 1.67166126e-01 3.33958493e-01 6.61273962e-01 6.63218355e-01
 1.70102819e-01 5.54524045e-01 2.76091874e-01 1.43222730e-01
 2.27186932e-01 3.94388191e-01 2.42280224e-01 6.51594690e-01
 6.35478703e-01 4.45766163e-02 7.58655003e-01 2.20668503e-01
 4.16044887e-01 4.34815604e-01 8.93774216e-01 8.45243663e-02
 1.97117944e-02 1.07868201e-01 1.28363119e-01 1.57897559e-01
 7.69977097e-01 5.13401362e-01 8.73862860e-01 3.05554401e-01
 4.70905338e-01 1.06968666e-01 7.45834638e-02 1.40035481e-01
 3.89474029e-01 6.42941179e-01 7.43974245e-01 7.10894256e-01
 9.69800466e-01 3.90717663e-01 5.87962012e-01 1.73680256e-01
 2.10802239e-01 1.57041958e-01 4.76526937e-01 8.75804698e-01
 6.35770297e-01 5.34088474e-01 9.95987331e-01 6.54549142e-01
 7.49506625e-01 4.75807755e-01 4.21264036e-02 4.78824677e-01
 8.86314723e-01 1.54965361e-01 3.56864550e-01 6.22564518e-01
 1.42631068e-01 3.45692306e-01 3.94328418e-01 3.61754542e-01
 3.65830885e-02 3.72054861e-01 4.54047259e-01 8.03094979e-01
 1.89131650e-01 3.58570320e-01 1.53026904e-01 1.39090222e-01
 7.53889272e-01 1.45752262e-01 4.91417410e-02 8.49053971e-01
 6.69397128e-01 6.54068453e-01 3.49803168e-01 5.63921398e-01
 3.50464002e-01 5.65227269e-01 2.44068658e-01 4.98714982e-01
 8.72179212e-01 1.38077186e-01 1.24190078e-01 3.02353930e-01
 9.02775429e-02 7.34812309e-01 6.80171242e-01 2.26009389e-01
 6.91624865e-01 7.75737050e-01 9.88956410e-03 2.57191750e-01
 2.75523953e-01 5.71146256e-01 2.80975171e-01 6.10954448e-01
 1.03038460e-01 7.60729062e-01 5.68804648e-01 7.17195765e-01
 3.19682881e-01 6.33347569e-01 7.80684804e-02 9.86729533e-01
 2.63663343e-01 4.76020619e-01 7.36670417e-01 1.53638632e-01
 7.13355968e-01 7.57966436e-01 2.99777857e-01 6.22866387e-03
 2.86651867e-01 6.78990623e-02 1.16851684e-01 3.94209507e-01
 8.83575029e-01 1.55983850e-01 7.63430620e-01 6.91727047e-01
 2.78434288e-01 8.04528880e-01 8.20561795e-01 6.51008582e-02
 5.95130599e-01 3.35910161e-01 9.77861206e-01 8.60135606e-01
 1.14309616e-01 8.19917660e-01 5.27685993e-01 4.51492170e-01
 7.38949586e-01 9.61761330e-02 3.93526961e-01 6.35018946e-01
 7.51754771e-01 2.10053533e-01 5.58761828e-01 1.41385872e-01
 9.67817140e-01 2.77228214e-01 8.92475698e-02 4.39802401e-02
 5.36757832e-01 5.79242294e-02 1.79620705e-01 4.39129280e-01
 2.90699761e-01 1.98087953e-01 3.38149127e-01 9.73414582e-01
 6.37585191e-01 5.87104297e-02 5.95618468e-01 3.45613539e-01
 2.80024048e-01 4.75925858e-01 4.36153358e-01 5.07690127e-01
 2.80616731e-01 3.36945147e-01 3.34510503e-01 6.28391182e-01
 2.84373069e-01 9.24198567e-01 6.89722081e-01 9.71524875e-01
 4.33136318e-01 9.00325586e-01 4.25435397e-01 9.72158731e-01
 1.67261726e-01 7.82031147e-01 2.40187991e-02 3.09011808e-03
 6.05839347e-01 6.69826858e-02 3.73260103e-01 9.06706801e-01
 3.97433784e-01 7.07176481e-01 4.36999864e-01 7.42797142e-01
 1.81774400e-01 1.69736239e-01 1.60653002e-01 6.48108848e-01
 7.78313619e-01 8.27409684e-01 4.11939846e-01 5.54084243e-01
 2.99865263e-01 9.97225996e-01 6.47014791e-01 1.50727307e-01
 7.96466230e-02 5.14578866e-01 2.03454958e-02 6.16238355e-01
 5.89298420e-01 7.23280883e-02 9.08163437e-01 5.25628095e-01
 4.28335389e-01 9.44819420e-01 7.88302232e-01 8.93289801e-01
 3.46463421e-01 4.37888181e-02 6.42567004e-01 2.40764535e-02
 6.00487296e-01 4.56850025e-01 9.24440934e-01 8.09734279e-01
 8.18834558e-01 5.78858259e-01 7.98771662e-01 7.16871995e-01
 1.30307046e-01 2.28792869e-01 3.21386438e-01 2.58317831e-01
 2.52281853e-01 2.04434941e-01 5.54405114e-01 7.70468760e-01
 9.39248395e-01 9.29641385e-01 9.58414511e-01 8.23032959e-01
 8.52128169e-01 3.98564353e-01 4.17866249e-01 6.96112924e-01
 9.87127818e-01 4.84979002e-02 7.79425296e-01 3.08413810e-02
 6.30133152e-01 8.63496849e-02 1.36316879e-01 8.45556662e-01
 3.25163252e-01 8.65848678e-01 4.58625404e-01 3.98950345e-02
 2.30829476e-01 9.03569420e-01 3.57588203e-01 3.79370821e-01
 4.80483700e-01 9.95688506e-01 3.25127930e-01 5.45878735e-01
 3.40280318e-01 1.32412537e-01 6.17253514e-01 2.88303304e-01
 8.80476792e-02 3.14687363e-02 9.28350810e-01 8.74948437e-01
 2.33721857e-01 7.67111530e-01 5.68335564e-01 4.81165784e-01
 5.74016012e-01 4.02270334e-01 1.72931383e-01 2.07506737e-01
 8.85871508e-01 2.22580262e-01 8.91965890e-01 2.91877658e-01
 2.88683650e-01 8.07126876e-01 1.67178738e-01 9.59251236e-01
 4.97588473e-01 8.25876204e-01 5.90393820e-01 3.21508937e-01
 3.92321439e-01 3.59705248e-01 9.18578529e-01 3.35177902e-01
 7.75072165e-02 8.65583677e-02 5.96284893e-01 7.13774362e-01
 3.54039657e-01 7.47739629e-01 9.90136843e-01 5.09660220e-01
 3.04508595e-01 7.90458883e-01 9.55419961e-02 7.06948150e-01
 9.56960642e-01 4.28845229e-01 2.13434793e-01 4.33718015e-01
 4.91897017e-01 6.38688836e-03 5.80201642e-01 1.96160329e-01
 5.61895563e-01 8.39294190e-01 2.29865774e-03 9.32352253e-01
 7.80465544e-01 9.50230356e-01 2.30443853e-01 5.93943972e-01
 3.17618173e-01 5.11991108e-01 8.20316409e-01 4.28355689e-01
 7.30686371e-01 3.33364406e-01 2.45264903e-01 9.26775005e-01
 9.82056827e-01 6.83765560e-01 9.95848321e-01 3.41938466e-01
 1.81858225e-01 1.77914464e-01 6.03625390e-01 6.49586328e-01
 6.63743289e-01 7.58746054e-01 8.34057477e-01 9.57502923e-01
 9.35876939e-01 6.43468108e-01 6.73983510e-01 8.63466170e-01
 2.58058290e-01 4.55386746e-01 2.47063893e-01 3.57249484e-01
 7.43045409e-01 4.85299174e-01 9.90552607e-02 1.54702633e-02
 1.51169987e-02 1.63833067e-01 5.23768914e-01 7.52013417e-01
 8.62681089e-02 8.90667838e-01 1.52973434e-01 1.88248127e-01
 6.52368137e-01 4.12368602e-01 4.13519936e-01 7.98638613e-01
 2.08817029e-01 2.25321901e-01 1.31949043e-01 7.88243864e-01
 7.39768036e-01 1.31481724e-01 7.40569742e-01 3.03571019e-02
 1.05242376e-01 1.12678055e-02 4.99280490e-01 3.01703127e-01
 3.36897505e-01 8.29632014e-01 1.33676948e-01 3.54044576e-01
 5.38089660e-01 2.47535793e-01 1.81694796e-01 1.60729927e-01
 1.74126853e-02 5.25868855e-01 9.12972665e-01 5.43936448e-01
 8.73184856e-01 9.96745690e-01 6.39579110e-01 1.46573538e-01
 3.22448753e-01 2.25336192e-01 2.44990546e-01 1.53242109e-01
 4.74099891e-01 3.81838994e-01 6.68492087e-01 7.95565550e-01
 6.54923933e-01 2.41005503e-01 4.34517464e-01 8.83380854e-01
 9.55958992e-01 2.08393118e-01 8.36653946e-01 9.41837204e-01
 9.03599647e-01 6.65980602e-01 9.20303212e-01 3.06865938e-01
 9.17165527e-01 3.55942631e-01 9.80594018e-01 8.95706260e-01
 2.56725901e-01 6.85181898e-01 2.00078558e-01 2.93396668e-01
 1.63527878e-01 1.33430595e-01 6.49126710e-01 4.57887851e-02
 4.40050839e-02 8.57742451e-01 4.21200997e-01 6.98417961e-03
 5.13886240e-01 2.40553351e-01 5.78209791e-01 7.03255309e-01
 4.66606843e-02 7.35214124e-01 1.04006250e-01 7.28274994e-01
 7.60932012e-01 1.88789267e-01 8.14731981e-01 3.81348681e-01
 7.52409781e-01 3.97912403e-01 6.89062930e-01 7.74689427e-01
 8.41416211e-01 7.08439993e-01 2.13268261e-02 4.47798675e-01
 9.91239170e-01 4.04826632e-01 1.03789754e-01 6.09647853e-01
 5.91068027e-02 6.93084265e-01 4.44738328e-01 3.46055576e-01
 7.59588117e-01 5.38779138e-01 4.13329486e-01 2.01812657e-01
 3.29480048e-01 2.08399694e-01 5.21997475e-01 5.16868254e-01
 3.73554437e-01 5.25057013e-01 7.50423193e-01 9.87901488e-01
 7.70153470e-01 2.89465991e-01 7.97585788e-01 9.56132991e-01
 8.06215600e-01 5.78180283e-01 2.69842781e-01 8.63150904e-01
 4.24042655e-01 4.55511088e-01 1.38398369e-01 2.56100805e-01
 5.10187239e-01 9.87772598e-01 5.69913370e-01 2.36124295e-01
 2.49115484e-01 8.68635565e-01 2.50839561e-01 2.89321325e-01
 8.24019641e-01 9.98780446e-01 1.74560026e-01 6.83195132e-01
 9.22414985e-01 6.14378721e-01 9.62170663e-01 5.89814689e-01
 3.64563826e-01 6.25149319e-01 9.90210176e-01 1.94633031e-02
 4.32619242e-01 8.68392857e-01 7.45613350e-01 2.05111062e-01
 1.39402629e-01 3.40544294e-01 5.89824602e-01 1.56554663e-01
 1.31704215e-02 2.63069615e-01 9.43502742e-02 8.09435310e-01
 8.88301109e-01 7.78000392e-01 4.63236385e-01 7.45932774e-01
 3.09964025e-01 2.16556860e-01 8.94324282e-01 6.84364825e-01
 3.96749506e-01 8.27684112e-01 8.02965431e-01 8.85589960e-01
 7.50746323e-01 8.58659988e-01 2.65112001e-01 2.57508220e-02
 9.78160118e-01 7.06890850e-01 1.85468074e-01 8.96479558e-01
 9.27199696e-01 2.69900952e-01 7.43459174e-01 1.66719011e-01
 3.49762346e-01 8.28175750e-01 7.48206467e-01 6.76540506e-01
 8.08467914e-01 5.86906983e-01 9.18720106e-01 6.14942790e-01
 4.90438965e-01 5.61798833e-01 3.76611951e-01 8.57267161e-01
 9.17518280e-01 2.30214584e-01 5.72485551e-01 4.62121875e-02
 1.29713336e-01 2.03346224e-01 2.49818346e-02 3.70323135e-01
 3.88697083e-01 1.17567293e-02 9.37293045e-01 1.92542809e-01
 7.38531505e-01 9.78415180e-01 5.58058858e-01 3.79436115e-01
 3.53183620e-01 8.57737566e-01 3.89094693e-01 3.81535735e-01
 4.12367048e-01 8.05223493e-01 3.85128844e-01 1.84766872e-01
 4.95994843e-01 6.04349738e-01 7.31787275e-01 3.86735926e-01
 5.93121693e-01 6.39607587e-01 9.71015586e-01 6.46940722e-01
 3.06233300e-01 1.49340645e-01 5.43293723e-01 7.87230334e-01
 4.33079931e-01 9.11270540e-01 2.43325215e-01 1.19611240e-01
 6.24963017e-01 8.88758485e-01 9.81466048e-01 2.12586974e-01
 2.02256313e-01 8.30909976e-01 5.38679426e-01 9.09728043e-01
 2.34924221e-01 3.75565761e-01 9.79212990e-01 2.33129456e-01
 1.41422310e-01 1.00431851e-01 5.19901200e-01 7.63092434e-01
 3.23035715e-01 7.98649429e-02 5.68393386e-01 9.55764762e-01
 6.18195356e-01 6.12470881e-01 3.31168293e-01 5.41467670e-01
 3.58007444e-01 5.07179027e-01 2.72436829e-01 6.47152586e-01
 5.81825362e-01 7.93419053e-01 6.35694934e-01 7.92651079e-01
 2.21988489e-01 7.99117013e-01 5.85756861e-01 4.63437419e-01
 2.29281834e-01 6.40907258e-01 2.50803412e-01 3.59928115e-01
 6.83919974e-01 7.97441533e-01 1.35164392e-01 4.43492460e-01
 2.66071713e-01 6.85971101e-01 2.04174204e-01 9.36780962e-01
 7.95620032e-01 6.06142597e-01 1.19037370e-01 1.05781943e-01
 2.53418207e-01 7.11741459e-01 1.46783661e-01 2.33210232e-01
 3.04523009e-01 5.01912272e-02 2.83155415e-01 9.91072924e-01
 7.33268029e-01 1.96098418e-01 4.23362151e-01 6.76929660e-01
 3.67030142e-01 8.10927250e-01 5.27861603e-01 7.34105609e-01
 3.51648070e-03 2.59456784e-01 7.64225356e-02 6.05522134e-01
 3.40785767e-01 7.04759082e-01 8.66377114e-01 8.61371323e-01
 3.18903314e-01 1.89834987e-01 2.46320316e-01 9.21656394e-01
 3.19894813e-01 1.86709419e-01 7.33869727e-01 4.03313077e-01
 8.66382611e-01 8.17955808e-01 1.06480640e-01 5.89850300e-01
 2.66052252e-01 2.70241345e-01 4.67122728e-01 5.57969255e-01
 5.62818134e-01 7.64414142e-01 1.17612582e-01 4.56233696e-01
 1.68519899e-01 7.42510808e-01 4.88055135e-02 4.13119817e-01
 7.52440511e-01 1.53240765e-01 7.60551571e-01 6.00002757e-01
 6.35325620e-01 5.45311834e-01 9.90173096e-02 4.53267111e-01
 4.65746921e-01 1.46367385e-01 3.70070301e-01 2.11154455e-01
 3.37763273e-01 3.85724124e-01 8.47635302e-01 2.12212566e-01
 4.31318664e-01 7.97537578e-01 8.30037497e-01 3.28583409e-01
 6.20734227e-01 5.02672459e-01 6.34389442e-01 9.68910898e-02
 3.94956886e-01 2.59948118e-01 1.92707858e-01 6.49164761e-01
 3.05626521e-01 7.27704559e-01 2.79228498e-01 6.76442702e-01
 2.64558967e-01 1.51134846e-01 7.90110151e-01 4.40084809e-01
 1.99248547e-01 5.74850623e-02 7.19516221e-01 3.63880610e-01
 5.50131412e-01 3.04846185e-01 1.78601023e-02 5.14215031e-01
 1.26924739e-01 6.63412852e-01 9.33272464e-01 6.91490279e-01
 8.04262187e-01 1.65211173e-01 1.48167635e-01 9.75535483e-01
 1.87473772e-01 5.80951043e-01 8.77736000e-01 7.24317096e-01
 9.87565735e-01 3.25543981e-01 7.57318048e-01 3.54684886e-01
 2.89018174e-01 6.62764160e-01 7.25681461e-01 8.90898639e-01
 9.37385048e-01 9.62934400e-01 9.95305830e-01 6.12389359e-02
 5.16537401e-01 2.85943768e-01 4.41080353e-01 5.39715604e-01
 2.39480669e-01 3.21108726e-01 7.19027501e-02 7.19297730e-01
 7.67983113e-01 9.05760111e-01 9.62392921e-01 2.97593581e-01
 5.25266452e-01 1.46701220e-01 6.48879712e-01 3.46208305e-01
 8.56815676e-01 3.72158259e-01 3.82587267e-02 5.41602692e-01
 4.03837969e-01 4.57068028e-01 1.79820971e-01 7.12091666e-01
 1.35883834e-01 3.04178562e-01 6.61205394e-01 8.26713425e-01
 4.15682999e-01 5.29736654e-01 1.73097363e-01 8.40961295e-01
 9.87650150e-01 7.39034913e-02 2.50448349e-01 9.81112819e-01
 4.32218291e-01 6.79140390e-01 2.89255978e-01 9.31167924e-01
 3.60323343e-01 4.06644815e-01 7.52010468e-01 7.86668244e-01
 2.53029933e-01 4.20326274e-01 1.96831659e-01 2.38031496e-02
 1.05645004e-01 3.64015905e-01 6.92947424e-01 6.69196287e-01
 7.37639551e-01 1.26302401e-02 4.53662476e-01 7.38461765e-01
 6.76260080e-01 3.75224664e-01 2.69909142e-01 7.79392088e-01
 4.24791248e-01 9.61124780e-02 7.09075512e-01 2.41980229e-01
 3.88243366e-01 7.58485339e-01 1.38763648e-01 5.30138643e-01
 7.44096012e-02 6.42531397e-01 1.49295211e-01 9.18158673e-01
 1.48592141e-01 8.10492484e-01 1.46810350e-01 7.24476941e-01
 8.25219172e-01 7.87512213e-01 7.67865621e-01 8.37744610e-01
 8.55126365e-01 7.97521327e-01 4.12325671e-03 3.10601167e-01
 7.90835340e-01 2.94825937e-01 8.73496318e-01 8.36346486e-01
 7.25941558e-01 7.62633816e-01 5.22571643e-01 1.24673828e-01
 1.97529623e-01 6.39014054e-01 4.39096105e-01 3.51357653e-01
 4.66955579e-01 8.05180073e-01 2.02486799e-01 9.87943443e-01
 3.84135848e-02 8.92730188e-01 1.08065838e-02 2.14391103e-02
 9.37210808e-01 6.55611319e-01 2.07641152e-02 1.42329832e-01
 1.00164234e-01 7.89876657e-01 7.27545397e-02 2.31514588e-01
 6.12920812e-01 9.53685950e-01 9.18297930e-01 3.51490816e-01
 4.82899999e-01 6.48749510e-01 2.59444688e-01 9.66203066e-01
 2.12086951e-01 3.53250445e-01 3.20434152e-02 9.13615152e-01
 3.81646126e-01 7.07065835e-01 8.90482582e-01 6.19890925e-01
 1.32749830e-01 4.17665642e-01 7.79669708e-01 1.59255855e-01
 6.87459871e-01 4.74374009e-01 4.14257348e-01 7.12270539e-01
 3.96947656e-01 7.19813338e-01 1.57382162e-01 2.46948638e-01
 4.33456362e-01 3.49130002e-01 4.25748208e-01 5.38881154e-01
 6.85573903e-01 4.10963160e-01 3.01736183e-01 1.60858349e-01
 6.94493545e-01 3.12992342e-01 3.69689533e-01 5.20247695e-01
 1.96264765e-01 9.31998623e-01 7.53352631e-02 5.91953267e-01
 8.86841517e-01 9.14208360e-01 4.60338007e-01 9.45556908e-01
 3.19159870e-01 8.04707889e-01 7.62111389e-01 5.46320418e-01
 6.71088473e-01 9.15209454e-01 1.82572525e-01 7.01586709e-02
 4.54916838e-01 1.25095019e-01 1.15855740e-02 6.94836089e-01
 5.39822692e-01 9.34182177e-01 2.88967468e-02 7.71540526e-01
 8.23028779e-01 1.95180980e-01 2.40969925e-02 1.91330258e-01
 6.44635381e-01 7.04654005e-01 4.54119220e-01 3.07320828e-01
 6.39042545e-01 9.11429865e-01 3.17568504e-01 1.44586126e-01
 1.88816394e-01 4.68940795e-01 4.82719708e-01 9.32573099e-01
 1.41007264e-01 2.10586497e-01 8.02887075e-01 5.70233351e-01
 3.89115987e-01 3.01821378e-01 8.99206673e-01 6.12471147e-01
 5.06853412e-01 1.12372729e-01 5.07611727e-01 1.82905303e-02
 4.12846464e-01 5.59708529e-01 7.55621394e-01 4.59521044e-01
 8.11317127e-02 3.86052676e-01 6.07824408e-01 9.26238400e-01
 5.90566874e-01 3.58277505e-01 1.90294017e-02 2.39279649e-01
 4.99507081e-01 4.82941701e-01 2.50347690e-01 8.68138483e-01
 2.27336651e-01 8.02348515e-01 8.42686027e-01 6.98938283e-01
 1.40412742e-01 5.39506000e-01 6.70069759e-02 4.44076729e-01
 8.68790991e-01 1.18742969e-01 1.06599402e-01 8.32110872e-01
 2.61288285e-01 2.03193334e-02 6.47216469e-02 9.08113057e-01
 1.02427538e-01 2.76885722e-01 9.55869996e-01 7.12854069e-01
 8.51096160e-02 9.69078671e-01 7.04019788e-01 7.30944443e-01
 4.28713152e-01 8.32187871e-01 9.33835585e-01 8.88191662e-01
 2.01573217e-01 7.03765576e-01 1.44790185e-01 3.49521881e-01
 2.13942004e-01 9.66364972e-01 6.22612146e-02 1.49396987e-01
 2.98776203e-01 6.71920398e-01 6.97541387e-01 9.35896679e-01
 6.18256286e-01 8.92257625e-01 6.27454208e-01 3.19556917e-01
 1.44926213e-02 3.40994333e-01 3.19655791e-01 4.90859717e-01
 9.95758806e-01 4.79604681e-01 5.76691880e-01 2.79231124e-01
 1.00704997e-01 3.36151087e-02 6.52382375e-01 9.21867048e-01
 2.57183423e-01 3.59528589e-01 3.75563472e-01 7.16476500e-02
 8.56946270e-01 2.32985707e-01 3.20918383e-01 7.73446075e-01
 1.78465951e-01 1.56669820e-01 5.42925555e-01 3.58911745e-01
 4.53547676e-01 2.07405235e-01 9.35400438e-01 6.33414151e-01
 5.55910027e-01 1.04530180e-01 3.74163710e-01 5.56117494e-01
 9.78538547e-04 9.33287489e-01 5.15377205e-01 7.80921725e-01
 7.59601694e-01 1.90891663e-01 8.90042074e-01 6.21041362e-01
 5.47185413e-02 4.01197639e-01 4.35975582e-01 2.25332010e-01
 6.84000047e-01 2.40268663e-01 5.84898718e-01 9.18897490e-02
 6.91349955e-01 8.51368273e-01 3.01254330e-01 4.71822021e-01
 8.81417561e-01 7.23631990e-01 2.81111001e-01 9.99230732e-01
 5.76256528e-01 6.05479376e-01 3.41451644e-01 2.24375635e-01
 4.12196233e-01 2.70565717e-01 3.09009759e-01 2.92938597e-01
 5.59270738e-01 7.18272531e-01 7.32939894e-01 3.81105450e-01
 4.36797019e-03 3.80239706e-01 2.14304606e-02 9.76167408e-01
 7.21001356e-01 8.12332164e-01 5.52710487e-01 8.15776406e-01
 1.41713835e-01 5.17674411e-01 8.10545863e-01 6.58962434e-02
 1.19004869e-01 5.17823497e-01 5.69273962e-01 6.01990898e-01
 5.21492067e-01 1.13617238e-01 8.36069036e-01 5.67877111e-01
 1.24832911e-01 3.73742375e-01 6.73207513e-01 7.61610906e-01
 3.29702951e-01 7.73689386e-02 9.49924099e-01 9.38863658e-01
 2.47897292e-01 2.46494177e-01 2.08960290e-01 3.21592073e-01
 4.55573822e-01 5.35103606e-01 6.21488312e-01 1.68639446e-01
 9.52374918e-02 9.23527305e-01 3.22749850e-02 4.38011537e-01
 1.23032422e-01 3.04000645e-01 3.79504095e-01 1.40146286e-01
 6.68332816e-01 6.82317538e-01 5.25123283e-01 4.00072008e-01
 9.42423581e-01 5.11549910e-01 9.33722787e-01 4.88744094e-01
 7.48974203e-01 7.66739100e-01 6.77985595e-01 3.31207123e-01
 1.23732312e-01 6.64595647e-01 5.23611154e-02 7.40384960e-01
 8.06871843e-01 3.60687956e-01 1.59266888e-02 9.75871586e-01
 1.73569606e-01 6.75679146e-01 5.47984644e-01 9.71354100e-01
 7.51309458e-01 5.45077907e-01 2.53808771e-01 6.95251734e-01
 6.26774094e-01 1.54757676e-01 1.36298039e-01 3.22040121e-02
 5.66317496e-02 5.96302692e-01 4.73643703e-03 4.03456251e-01
 5.21167785e-02 6.86255371e-01 4.92960195e-01 6.23885908e-01
 4.79950799e-01 6.43691494e-01 7.11607523e-01 9.00569362e-02
 5.82156908e-02 3.94027610e-01 8.04402015e-01 6.07213181e-01
 4.61297777e-02 5.23588579e-01 4.03375459e-01 1.67027476e-01
 4.62569135e-01 8.25133805e-01 5.56746406e-01 6.35966618e-01
 8.01024641e-01 9.19411167e-01 8.25107920e-01 8.59573428e-01
 6.77253236e-01 6.29451945e-02 2.09409240e-02 3.22111807e-01
 7.13951613e-01 9.76561657e-01 3.78444964e-02 3.71857189e-01
 4.82807345e-01 5.70394592e-01 6.08564776e-01 1.16492954e-01
 1.31463364e-01 2.68512036e-01 5.60434850e-01 4.89601436e-01
 2.08376627e-01 7.64603145e-01 6.64959688e-01 4.28352571e-01
 5.22098320e-01 9.87154150e-01 1.69452899e-01 1.02367193e-02
 8.83127780e-01 5.54737941e-01 2.41814996e-01 2.92203308e-01
 4.06157687e-01 2.32317818e-01 6.68901381e-01 3.48666294e-01
 4.21249484e-01 6.17187069e-02 1.18513075e-01 1.26418641e-01
 5.01680128e-01 2.84715674e-01 4.64729933e-01 3.34717074e-01
 2.94333332e-01 1.02660810e-01 2.90873949e-01 2.35211275e-02
 5.72298580e-01 9.79742907e-01 2.98584715e-01 1.80487787e-01
 9.66588266e-01 5.04126526e-01 1.77140897e-01 6.39351578e-01
 1.59528755e-01 1.45616644e-01 1.74420284e-01 7.29430403e-01
 6.67644616e-01 5.99311626e-01 4.84519821e-01 3.80530617e-01
 3.08826663e-01 2.42338400e-01 7.01705695e-01 9.50034668e-01
 4.63742698e-01 5.64872426e-01 2.89222597e-01 9.15604706e-01
 7.35958005e-01 4.25555858e-01 1.13517080e-01 2.14655890e-01
 4.89654976e-01 8.20610232e-03 1.53305314e-01 8.31447920e-01
 5.68553551e-01 5.03079345e-01 7.67657963e-01 9.84364123e-01
 2.15876998e-03 1.96062057e-01 4.77578424e-01 8.77622946e-01
 9.53916980e-01 5.87245420e-01 4.31358797e-01 5.56027532e-01
 4.91430938e-01 4.67486418e-01 8.17069034e-01 9.71361605e-01
 4.34823233e-01 9.38783954e-01 6.91976737e-01 4.03274344e-01
 1.71352209e-01 9.84432816e-01 4.82820659e-01 3.40072547e-02
 8.24257386e-01 5.44239813e-01 3.56586955e-02 5.79483752e-01
 6.04819562e-01 7.35824486e-01 1.33277963e-01 8.67032053e-01
 3.60808645e-01 4.90133724e-01 2.00140509e-01 4.21321917e-01
 5.58800182e-01 3.89776703e-01 7.75339552e-02 9.72459728e-01
 6.92145067e-01 4.42415390e-01 1.98190524e-01 4.33201005e-01
 3.72633522e-01 2.62656035e-01 7.23231262e-01 1.93915454e-01
 7.18233670e-01 3.75831178e-01 4.20707392e-01 9.06096830e-02
 5.33722340e-01 6.05430375e-02 1.10756365e-01 1.34836993e-01
 4.82956028e-01 2.45543827e-01 8.54835827e-01 2.52852044e-01
 5.97397551e-01 4.77650339e-01 1.94854698e-01 3.98936618e-01
 8.04636545e-01 5.32437746e-02 3.19845650e-02 8.00924166e-01
 2.52296291e-01 3.91429671e-01 8.40535288e-01 9.47409265e-01
 1.83212746e-03 3.03664274e-01 2.54995539e-01 2.37624884e-01
 4.37961947e-01 4.81556305e-01 4.70464413e-01 6.11827408e-01
 6.59597399e-02 2.77815940e-01 1.83279843e-01 9.06277580e-01
 4.86513505e-01 2.25180768e-01 6.67851149e-01 9.78701199e-01
 2.08285506e-01 4.94772363e-02 3.59878735e-01 8.31571566e-01
 2.78430583e-01 8.64931971e-01 5.27788098e-01 4.95339783e-01
 6.16153190e-02 1.58091583e-02 8.11523743e-01 5.86876374e-01
 3.68451027e-01 7.02245430e-01 3.12493623e-01 2.97514592e-01
 4.18775941e-01 2.11540679e-01 5.64127705e-01 1.16135935e-01
 9.09350334e-03 1.97006868e-01 1.63272170e-02 5.92678210e-01
 4.10631128e-01 4.84671796e-01 9.49158203e-01 7.92868957e-01
 3.05279350e-01 3.90107150e-01 3.82348429e-01 7.90732513e-01
 1.43624788e-02 6.84761853e-01 5.36058986e-01 5.05408676e-01
 5.43797811e-01 7.16445099e-01 7.36291831e-01 1.56632676e-02
 9.06490940e-01 9.25591598e-01 8.08409294e-01 5.81924814e-01
 5.26156257e-01 7.66370517e-01 3.59543172e-01 1.58480408e-01
 7.23853845e-01 5.29899350e-01 8.31165635e-01 8.82064893e-01
 5.09385466e-01 5.60583129e-01 1.30661293e-01 8.28993697e-01
 1.70617257e-01 2.24632510e-01 5.47420265e-01 6.60966210e-01
 6.21595099e-01 4.71692789e-01 1.54971149e-01 6.18223370e-01
 3.76121542e-01 1.88874347e-01 6.12492162e-01 9.24269367e-01
 6.17402603e-01 9.95136197e-01 2.19985286e-01 9.35310917e-01
 2.34757424e-01 8.25304469e-01 2.34457438e-01 4.56347904e-01
 4.81477180e-01 4.26465425e-01 4.84075581e-01 3.87401274e-01
 9.78392894e-01 7.50156018e-01 1.41545001e-01 3.17357237e-01
 3.57863512e-01 5.96974765e-01 9.35514774e-01 6.33844256e-01
 3.26094268e-01 9.14416249e-01 7.85701040e-01 2.40894824e-01
 3.83226063e-01 7.58602606e-01 4.22814766e-02 7.46103619e-01
 7.68411179e-03 2.60563513e-01 6.18446698e-01 2.30828014e-01
 3.92469803e-01 8.55042899e-01 9.26108502e-02 2.29431726e-01
 7.33150741e-01 9.99052149e-02 1.29601760e-01 6.95503133e-01
 7.51680236e-01 8.15023451e-01 8.86204693e-02 9.73922850e-01
 9.58050503e-01 9.34551009e-01 2.12635368e-01 7.96593424e-01
 2.52272011e-01 9.34863036e-02 4.64908342e-01 1.75673113e-01
 1.95721247e-01 2.91299938e-01 5.56307713e-01 5.98228253e-01
 2.78966399e-01 8.65152607e-01 7.45310150e-01 4.61587263e-01
 5.71920549e-01 8.52598499e-01 1.91125687e-01 7.78193342e-01
 2.53054805e-01 6.60691925e-01 8.27360559e-01 4.98928833e-01
 3.09046234e-01 8.10364525e-01 8.20695799e-01 4.26392820e-01
 6.45439448e-01 7.40968691e-01 4.68710783e-01 8.48571000e-02
 7.46193478e-01 1.19269552e-01 4.79578381e-01 8.74428458e-01
 4.63153468e-02 5.14222619e-01 5.05449203e-01 3.22830314e-01
 4.33112524e-01 1.22853359e-01 5.96597127e-01 8.06215729e-01
 1.25537060e-01 5.08579420e-01 5.40009424e-01 4.01343496e-01
 8.04011504e-01 8.59364366e-02 4.21602559e-01 3.19726839e-01
 8.31216884e-01 1.70217039e-01 1.81200073e-01 2.77517420e-02
 7.11745900e-02 2.58547429e-02 2.35883983e-01 7.18046128e-01
 3.20384537e-02 4.50627186e-01 5.88570760e-01 5.77160664e-01
 4.50655669e-01 2.04472992e-01 5.32201750e-01 9.66276011e-02
 2.77162192e-01 1.86430273e-01 2.78985070e-01 6.35650658e-01
 2.97549642e-01 1.38514187e-01 7.14910861e-01 7.85955504e-01
 4.23632829e-01 2.42232124e-02 3.77134412e-02 8.16828812e-02
 1.55592671e-02 5.54126617e-01 8.24678953e-01 3.95293157e-01
 9.30572712e-02 4.61965414e-01 5.18825396e-01 4.37198212e-01
 4.88137305e-01 4.50415495e-01 2.66868538e-01 3.35268643e-01
 1.16510517e-01 5.91095260e-01 1.89210399e-02 1.17472394e-01
 7.85600657e-01 3.74423914e-01 8.40589285e-01 7.18402183e-01
 7.17660229e-02 5.98379812e-01 5.73491142e-01 5.03012991e-01
 8.92288747e-01 9.28581630e-02 5.91213486e-01 3.67339502e-01
 3.40251431e-01 2.30822141e-01 2.45625617e-01 5.54734676e-01
 9.53972888e-01 5.11328298e-01 3.05209324e-01 9.88248265e-01
 4.51633815e-01 4.51425449e-01 5.39185254e-01 6.87729362e-01
 9.75623813e-02 4.56966177e-01 9.78352014e-01 8.26106618e-01
 2.92972492e-02 9.95832110e-01 9.98329710e-01 9.49188949e-01
 8.96481804e-01 2.26343582e-01 8.38777239e-01 7.52780335e-01
 8.38494325e-01 3.36116955e-01 7.36378407e-01 7.06058524e-01
 7.97167575e-01 5.34990815e-01 4.60074032e-01 7.89314186e-01
 4.98933294e-01 1.18735868e-01 3.21343450e-01 1.20076899e-02
 5.30674958e-01 8.20543213e-01 7.11511943e-01 8.89997770e-02
 7.83842294e-01 7.11670912e-01 5.13092110e-01 2.00215788e-01
 6.04096330e-01 6.72404706e-01 5.86714940e-01 8.06557557e-01
 5.68993625e-01 1.97218024e-01 3.15903825e-02 4.80835769e-01
 5.14769231e-01 1.62905757e-01 6.22977603e-02 9.16748433e-01
 2.80897133e-02 1.96029430e-01 6.43465450e-01 3.43354856e-01
 7.20638367e-01 2.72472764e-01 5.12821366e-01 2.86367112e-01
 7.57496469e-01 9.26521310e-01 9.41953251e-01 3.57525392e-02
 8.52180094e-01 1.53850820e-01 1.77406364e-02 2.01467055e-01
 9.38640436e-01 8.97728074e-01 5.89592394e-01 2.66937574e-01
 1.10900267e-01 4.04230028e-01 4.15593436e-02 3.74021967e-01
 4.92035758e-01 3.78140790e-01 8.63379693e-01 2.93578060e-01
 9.25661077e-01 1.16737609e-01 2.60792069e-01 9.75648073e-01
 5.27980056e-02 2.54380410e-01 2.32033224e-02 1.71502145e-01
 9.10181379e-01 9.23999730e-01 1.01168923e-01 3.31408685e-01
 5.51195795e-01 2.04438118e-01 4.23502021e-01 6.78811484e-03
 5.90523281e-02 6.39745982e-01 2.08837203e-01 5.62967395e-01
 7.73646160e-01 6.08069783e-01 9.84345728e-01 6.59871632e-01
 5.73481358e-01 2.04324575e-01 3.51278298e-01 2.13460753e-01
 2.23856563e-01 6.77129007e-01 6.22473764e-01 3.28940633e-01
 1.97342894e-01 1.02406517e-01 9.24994656e-03 2.48220039e-01
 7.64992982e-02 6.79638325e-01 2.25983096e-01 3.42556443e-01
 9.11502157e-01 9.21376577e-01 4.03741694e-01 5.24964936e-01
 5.31004204e-01 7.54678773e-02 4.74359113e-01 8.74273396e-01
 5.84405070e-01 6.89557123e-01 3.51238854e-01 6.83093170e-01
 6.70203254e-01 6.23332218e-01 2.90021044e-01 9.88398542e-01
 6.49715505e-01 6.32536340e-01 4.71601614e-02 7.59068089e-01
 3.73957275e-01 1.73412406e-01 2.32176071e-01 9.45149747e-01
 5.25385129e-02 4.33186240e-01 7.81342137e-01 9.93361034e-01
 1.13407115e-01 6.33964604e-02 3.77081077e-01 4.89730983e-01
 2.51097389e-03 1.72899911e-01 8.22873764e-01 8.75931049e-01
 6.05418194e-01 4.41294984e-01 4.88056881e-01 9.73370774e-01
 8.85114926e-02 2.18913668e-02 2.22302903e-01 7.07404604e-01
 5.81012619e-01 4.93679449e-01 8.87914002e-01 8.62688552e-01
 5.23772871e-01 9.80656167e-01 6.93484991e-01 8.78217168e-01
 6.67136687e-01 2.53634387e-01 8.23870580e-01 9.98244272e-02
 7.38630352e-01 5.57401228e-01 6.97187271e-01 3.08995742e-01
 4.00740680e-01 2.26160869e-01 9.92217283e-01 4.17261798e-01
 3.23413313e-01 7.23364735e-01 9.80219746e-01 7.91212922e-01
 6.53009928e-01 3.56913802e-01 2.00053713e-01 3.46045782e-01
 9.52432433e-01 3.93420300e-01 5.00861588e-01 2.79182293e-02
 9.99053453e-01 6.65577183e-01 7.23963854e-01 8.26626110e-01
 8.31222971e-02 8.03230487e-01 7.10458610e-01 6.24583290e-01
 5.94284235e-01 9.80266825e-01 1.34716100e-01 7.20119992e-01
 8.09114335e-01 3.86024589e-01 9.38380898e-01 4.82217641e-01
 3.13898824e-01 5.00155118e-01 9.04908506e-01 3.76614565e-01
 9.01085838e-01 1.53935233e-01 8.97190776e-01 9.34369209e-02
 7.89300364e-01 7.02122002e-01 8.86402663e-02 9.30324798e-01
 8.54795536e-01 9.09039033e-01 3.06535999e-01 4.28215725e-01
 8.00732685e-01 7.22887316e-01 9.97119827e-01 2.06409341e-01
 9.71002417e-01 3.21280745e-01 6.49484385e-01 5.87302647e-01
 8.60447918e-01 9.96563609e-01 8.54630173e-01 9.95190246e-01
 1.74561542e-01 1.27467785e-01 7.67987323e-01 6.95265900e-02
 9.96559756e-01 7.61594967e-01 3.63965449e-01 1.85749728e-01
 2.29947933e-01 9.43179740e-01 4.59931335e-01 2.81342358e-02
 7.24601536e-01 4.94813720e-01 7.22898342e-01 6.03395979e-01
 9.69590301e-01 1.21231449e-01 3.92311446e-02 4.04882036e-01
 3.23889400e-01 8.81806310e-01 6.19009910e-01 6.76648425e-01
 7.20601094e-04 5.55179405e-02 9.53757149e-01 9.56077964e-01
 9.83559198e-01 7.64984723e-01 8.30848084e-01 1.76959866e-02
 9.71828916e-01 7.36432086e-01 5.22059243e-01 5.84708945e-01
 7.88962997e-01 5.16353307e-01 6.12717749e-01 9.46630379e-01
 6.08922572e-01 9.64801438e-01 2.92190714e-01 9.09310918e-01
 4.86579896e-01 8.66929575e-03 2.08552716e-01 8.68265388e-01
 6.31607286e-01 5.97284755e-01 2.63807627e-01 9.65494116e-01
 5.17158044e-01 8.43662868e-01 6.34870829e-01 6.48542765e-01
 4.80869688e-01 3.23578059e-01 9.78990684e-01 2.95334528e-01
 9.71888839e-01 4.27249661e-01 8.85682439e-01 3.92965407e-01
 6.37941462e-01 4.87984398e-01 4.60053232e-01 2.36929883e-01
 7.51790514e-01 8.33831520e-01 5.99767690e-01 5.46609932e-01
 3.57061596e-01 9.92852100e-01 4.78489089e-01 8.51199137e-01
 1.32480981e-01 8.42329309e-01 6.65923032e-01 4.88387100e-01
 6.55239953e-01 4.31026723e-01 2.30117456e-01 8.33943059e-02
 8.76227529e-01 9.97371564e-02 4.60125930e-01 4.64613461e-02
 5.12899587e-01 5.99709633e-01 8.42891656e-01 4.16044694e-01
 9.11804383e-01 1.49055517e-01 1.24434900e-02 9.33718089e-01
 2.49410698e-01 5.65033664e-01 9.21135510e-01 1.34014182e-01
 3.79225663e-01 2.31809079e-01 7.07084813e-02 9.76230191e-01
 2.63999297e-01 8.38783217e-01 2.60398369e-01 4.13561953e-01
 1.31316052e-01 2.98435550e-01 1.69977403e-01 7.79563048e-01
 6.91531166e-01 9.36809628e-01 4.48231698e-01 1.73573404e-01
 1.22507470e-01 5.72414601e-01 7.60641819e-01 6.66053607e-01
 9.07351836e-01 1.09551469e-01 1.50803399e-01 8.60409681e-01
 8.44628240e-01 9.30456580e-01 5.53607725e-01 6.03756429e-01
 6.57171126e-01 2.42207730e-01 5.46928107e-01 1.89670239e-01
 4.76425238e-01 2.70054221e-02 9.12022280e-01 8.80313748e-01
 5.37718932e-01 2.19225169e-01 6.52411731e-01 4.12873767e-01
 9.62012242e-01 1.67308505e-02 8.51436889e-01 9.49396523e-01
 3.73768539e-01 8.31247599e-01 5.71380143e-01 4.67688134e-01
 2.55949476e-01 3.50995835e-01 6.66508617e-01 4.18056047e-01
 6.47378044e-01 1.86194539e-01 1.25770527e-01 2.99429923e-02
 5.00497011e-01 3.51601967e-01 4.62031809e-01 4.59537521e-01
 3.01086628e-01 3.79621479e-01 7.82722580e-01 6.36354467e-01
 5.05109572e-01 1.32632640e-01 9.06971639e-01 9.04220903e-01
 8.32009489e-01 8.65897593e-01 3.49072867e-01 8.86763871e-01
 6.95648469e-02 5.44465288e-01 9.43298717e-01 7.62547476e-01
 7.60199481e-01 6.89421462e-01 2.43032900e-01 4.02271958e-01
 8.53874816e-01 6.05647878e-01 3.87883285e-01 9.11436453e-01
 9.11041394e-01 3.42425805e-02 5.59230928e-01 5.50098672e-01
 8.94170496e-01 7.48648211e-01 4.11644252e-01 7.33407325e-01
 7.98873582e-01 2.16234052e-01 9.87283044e-01 4.11661459e-01
 8.07045455e-01 6.17433243e-01 8.68073335e-01 7.06545717e-03
 3.79385093e-01 8.03175446e-01 7.08055859e-01 7.64767682e-01
 5.49293767e-01 4.62489355e-01 5.65697043e-01 5.38845549e-01
 8.44362047e-01 6.09113668e-01 8.82328462e-01 2.24584297e-01
 7.24998483e-01 3.78416843e-01 2.66628011e-01 3.65465035e-01
 1.58618285e-01 2.40412407e-01 5.64685906e-01 7.79895154e-01
 1.51951637e-01 2.63568171e-01 3.57961729e-01 7.78560626e-01
 1.02630342e-01 6.24264501e-01 1.43242174e-01 5.03440548e-01
 5.33827048e-02 8.50912744e-01 2.34897650e-01 3.44317075e-01
 6.11002224e-01 4.22215752e-01 8.02154211e-01 7.11188035e-01
 9.05301089e-01 1.76182910e-01 3.11781723e-01 1.14753678e-01
 7.14350510e-01 1.60530054e-01 7.45100335e-01 5.99038247e-02
 9.16541916e-01 3.87281519e-01 9.48813259e-02 5.86542698e-01
 9.91558905e-01 3.45981586e-01 6.53199933e-01 9.11229380e-01
 2.63261184e-01 6.40718254e-01 7.91136309e-01 8.29530974e-01
 7.45262448e-02 4.11360488e-01 7.30151844e-01 8.67071475e-01
 3.17312994e-01 9.43404291e-01 6.16449792e-01 1.92801686e-01
 3.67485129e-01 8.43649967e-01 3.26869574e-01 8.71273215e-01
 3.19408126e-02 7.42196089e-01 5.23559665e-01 5.73490646e-01
 8.20902449e-01 4.91728668e-01 8.47318929e-02 6.97263747e-01
 1.70004991e-01 6.02279882e-01 8.74656144e-01 6.70990024e-01
 5.24675878e-02 2.23081201e-01 3.20381173e-01 1.55915964e-01
 3.34269184e-01 9.21544174e-01 2.06503123e-01 3.17341635e-01
 2.29104567e-01 3.15968125e-01 1.12034797e-01 2.43714681e-01
 6.38236225e-01 9.08970196e-01 4.34991581e-01 2.98890823e-01
 3.99880279e-01 6.86152097e-02 1.20450144e-01 6.27596770e-01
 3.13047778e-01 8.74560998e-01 7.74871702e-01 5.51895810e-01
 3.03037425e-01 5.59274590e-01 1.59875252e-01 8.54992292e-01
 2.95880978e-01 2.15148313e-01 4.99586099e-01 7.52189141e-01
 2.59594487e-01 1.34361188e-01 9.05644699e-01 3.34401408e-01
 5.20324721e-01 6.59036938e-01 1.81421515e-01 5.49337554e-01
 2.79509985e-01 2.48259948e-02 4.42796886e-01 6.16168670e-01
 6.17249575e-01 7.59794040e-01 7.54464531e-01 8.94463005e-01
 7.39577209e-01 3.03268606e-02 6.92382828e-01 1.98089646e-01
 6.81085660e-01 5.86611584e-01 2.57916739e-01 4.49053376e-02
 1.52039201e-01 5.46880455e-01 5.95296206e-01 1.02310562e-01
 9.20809703e-02 8.15808682e-01 3.75229007e-01 6.80020260e-01
 7.16284583e-01 5.95634740e-02 1.65227000e-01 4.05404137e-01
 9.58876699e-02 6.62789357e-01 6.19198049e-01 5.60843823e-01
 3.96146182e-01 6.03477279e-01 7.97675769e-01 1.18227724e-02
 6.66370258e-01 7.89215948e-01 6.16895060e-01 9.08230244e-01
 9.81001974e-01 9.00524134e-02 7.48068243e-01 9.20616912e-01
 9.01876077e-01 5.49581901e-01 3.48502954e-01 2.46461157e-01
 7.38740683e-01 7.40649264e-01 7.21717828e-02 5.11066088e-01
 2.75070882e-01 8.42857109e-01 8.42271193e-01 4.35549710e-01
 5.13906432e-01 8.41628806e-01 3.13241411e-01 2.20883492e-01
 7.21623608e-01 4.31589206e-01 9.22217365e-01 1.64684775e-01
 6.44915395e-01 8.07062064e-01 3.51114917e-01 1.83228446e-01
 2.00957499e-01 9.25461715e-01 3.10062942e-01 1.12557770e-01
 9.93899489e-02 8.80909737e-01 2.93113809e-01 8.45307472e-01
 1.60902318e-01 7.97901565e-01 9.68744857e-01 6.86146705e-01
 1.26991526e-01 7.79687633e-01 3.74244467e-01 2.94925525e-01
 4.94169544e-01 4.27332558e-01 1.50617308e-01 7.18291522e-02
 4.70455677e-01 9.85496465e-01 9.00920479e-01 9.95354763e-01
 4.40292949e-01 8.32399424e-01 1.89664620e-01 3.86909477e-01
 5.86403785e-02 4.39531372e-01 6.71016657e-01 8.34320495e-01
 4.67469479e-01 2.96294350e-01 4.70679561e-01 4.04501500e-01
 6.00660607e-01 4.96812543e-03 5.60524941e-01 7.99510782e-01
 6.35248046e-01 8.45630030e-01 2.96607451e-01 4.80396731e-01
 1.28768793e-01 8.21204487e-01 3.25624819e-01 4.85592096e-01
 7.82442030e-02 6.53595907e-01 4.76864150e-01 5.39293306e-01
 9.22747549e-02 2.10940050e-01 5.80858931e-01 4.85198937e-01
 8.74304952e-01 4.94655909e-02 4.97861047e-01 1.20092157e-01
 6.56170760e-02 1.86642546e-01 3.16872498e-01 3.19921413e-01
 8.80571794e-01 2.77003889e-01 8.75235160e-01 3.72643464e-01
 5.25697578e-01 5.37121442e-01 9.94845037e-01 1.95939892e-01
 6.07937642e-01 5.33065303e-01 1.79889614e-01 8.32466422e-01]